"run","isIntentional","HABIT_THRESHOLD_ABSOLUTE","eater1Count","OPENNESS_AVG_STRENGTH","isEvaluated","SELFE_AVG_STRENGTH","selfEbeta","CONSERVATION_AVG_STRENGTH","selfTk","SELFT_AVG_STRENGTH","vegetarianVenueCount","mixedVenueCount","diningOutPercent","weightVegEatingAction","filterOnAffordances","selfTbeta","isUpdatedPHistory","selfEk","randomSeed","filterOnHabits","OUTSIDE_CONTEXT","endTime","HABIT_THRESHOLD_RELATIVE","weightMeatEatingAction","meatVenueCount"
1,"false",5.0,30,0.5,"false",0.5,0.1,0.5,0.25,0.5,1,2,100,1.0,"true",0.1,"true",0.25,1,"true",0.25,4000.0,0.7,1.0,1
3,"false",5.0,30,0.5,"false",0.5,0.1,0.5,0.25,0.5,1,2,100,1.0,"true",0.1,"true",0.25,3,"true",0.25,4000.0,0.7,1.0,1
5,"false",5.0,30,0.5,"false",0.5,0.1,0.5,0.25,0.5,1,2,100,1.0,"true",0.1,"true",0.25,5,"true",0.25,4000.0,0.7,1.0,1
7,"false",5.0,30,0.5,"false",0.5,0.1,0.5,0.25,0.5,1,2,100,1.0,"true",0.1,"true",0.25,7,"true",0.25,4000.0,0.7,1.0,1
9,"false",5.0,30,0.5,"false",0.5,0.1,0.5,0.25,0.5,1,2,100,1.0,"true",0.1,"true",0.25,9,"true",0.25,4000.0,0.7,1.0,1
11,"false",5.0,30,0.5,"false",0.5,0.1,0.5,0.25,0.5,1,2,100,1.0,"true",0.1,"true",0.25,11,"true",0.25,4000.0,0.7,1.0,1
13,"false",5.0,30,0.5,"false",0.5,0.1,0.5,0.25,0.5,1,2,100,1.0,"true",0.1,"true",0.25,13,"true",0.25,4000.0,0.7,1.0,1
15,"false",5.0,30,0.5,"false",0.5,0.1,0.5,0.25,0.5,1,2,100,1.0,"true",0.1,"true",0.25,15,"true",0.25,4000.0,0.7,1.0,1
17,"false",5.0,30,0.5,"false",0.5,0.1,0.5,0.25,0.5,1,2,100,1.0,"true",0.1,"true",0.25,17,"true",0.25,4000.0,0.7,1.0,1
19,"false",5.0,30,0.5,"false",0.5,0.1,0.5,0.25,0.5,1,2,100,1.0,"true",0.1,"true",0.25,19,"true",0.25,4000.0,0.7,1.0,1
21,"false",5.0,30,0.5,"false",0.5,0.1,0.5,0.25,0.5,1,2,100,1.0,"true",0.1,"true",0.25,21,"true",0.25,4000.0,0.7,1.0,1
23,"false",5.0,30,0.5,"false",0.5,0.1,0.5,0.25,0.5,1,2,100,1.0,"true",0.1,"true",0.25,23,"true",0.25,4000.0,0.7,1.0,1
25,"false",5.0,30,0.5,"false",0.5,0.1,0.5,0.25,0.5,1,2,100,1.0,"true",0.1,"true",0.25,25,"true",0.25,4000.0,0.7,1.0,1
27,"false",5.0,30,0.5,"false",0.5,0.1,0.5,0.25,0.5,1,2,100,1.0,"true",0.1,"true",0.25,27,"true",0.25,4000.0,0.7,1.0,1
29,"false",5.0,30,0.5,"false",0.5,0.1,0.5,0.25,0.5,1,2,100,1.0,"true",0.1,"true",0.25,29,"true",0.25,4000.0,0.7,1.0,1
2,"false",5.0,30,0.5,"false",0.5,0.1,0.5,0.25,0.5,1,2,100,1.0,"true",0.1,"true",0.25,2,"true",0.25,4000.0,0.7,1.0,1
4,"false",5.0,30,0.5,"false",0.5,0.1,0.5,0.25,0.5,1,2,100,1.0,"true",0.1,"true",0.25,4,"true",0.25,4000.0,0.7,1.0,1
6,"false",5.0,30,0.5,"false",0.5,0.1,0.5,0.25,0.5,1,2,100,1.0,"true",0.1,"true",0.25,6,"true",0.25,4000.0,0.7,1.0,1
8,"false",5.0,30,0.5,"false",0.5,0.1,0.5,0.25,0.5,1,2,100,1.0,"true",0.1,"true",0.25,8,"true",0.25,4000.0,0.7,1.0,1
10,"false",5.0,30,0.5,"false",0.5,0.1,0.5,0.25,0.5,1,2,100,1.0,"true",0.1,"true",0.25,10,"true",0.25,4000.0,0.7,1.0,1
12,"false",5.0,30,0.5,"false",0.5,0.1,0.5,0.25,0.5,1,2,100,1.0,"true",0.1,"true",0.25,12,"true",0.25,4000.0,0.7,1.0,1
14,"false",5.0,30,0.5,"false",0.5,0.1,0.5,0.25,0.5,1,2,100,1.0,"true",0.1,"true",0.25,14,"true",0.25,4000.0,0.7,1.0,1
16,"false",5.0,30,0.5,"false",0.5,0.1,0.5,0.25,0.5,1,2,100,1.0,"true",0.1,"true",0.25,16,"true",0.25,4000.0,0.7,1.0,1
18,"false",5.0,30,0.5,"false",0.5,0.1,0.5,0.25,0.5,1,2,100,1.0,"true",0.1,"true",0.25,18,"true",0.25,4000.0,0.7,1.0,1
20,"false",5.0,30,0.5,"false",0.5,0.1,0.5,0.25,0.5,1,2,100,1.0,"true",0.1,"true",0.25,20,"true",0.25,4000.0,0.7,1.0,1
22,"false",5.0,30,0.5,"false",0.5,0.1,0.5,0.25,0.5,1,2,100,1.0,"true",0.1,"true",0.25,22,"true",0.25,4000.0,0.7,1.0,1
24,"false",5.0,30,0.5,"false",0.5,0.1,0.5,0.25,0.5,1,2,100,1.0,"true",0.1,"true",0.25,24,"true",0.25,4000.0,0.7,1.0,1
26,"false",5.0,30,0.5,"false",0.5,0.1,0.5,0.25,0.5,1,2,100,1.0,"true",0.1,"true",0.25,26,"true",0.25,4000.0,0.7,1.0,1
28,"false",5.0,30,0.5,"false",0.5,0.1,0.5,0.25,0.5,1,2,100,1.0,"true",0.1,"true",0.25,28,"true",0.25,4000.0,0.7,1.0,1
30,"false",5.0,30,0.5,"false",0.5,0.1,0.5,0.25,0.5,1,2,100,1.0,"true",0.1,"true",0.25,30,"true",0.25,4000.0,0.7,1.0,1
